# This file may be used to create an environment using:
# $ conda create --name <env> --file <this file>
# platform: linux-64
_libgcc_mutex=0.1=main
_openmp_mutex=5.1=1_gnu
absl-py=1.3.0=pypi_0
argon2-cffi=20.1.0=py36h27cfd23_1
astor=0.8.1=pypi_0
async_generator=1.10=py36h28b3542_0
backcall=0.2.0=pyhd3eb1b0_0
bleach=1.5.0=pypi_0
ca-certificates=2023.01.10=h06a4308_0
cached-property=1.5.2=pypi_0
certifi=2021.5.30=py36h06a4308_0
cffi=1.14.0=py36h2e261b9_0
cudatoolkit=9.0=h13b8566_0
cudnn=7.6.5=cuda9.0_0
dbus=1.13.18=hb2f20db_0
decorator=5.1.1=pyhd3eb1b0_0
defusedxml=0.7.1=pyhd3eb1b0_0
entrypoints=0.3=py36_0
expat=2.4.9=h6a678d5_0
face-alignment=1.3.5=pypi_0
fontconfig=2.14.1=h52c9d5c_1
freetype=2.12.1=h4a9f257_0
gast=0.5.3=pypi_0
glib=2.63.1=h5a9c865_0
grpcio=1.48.2=pypi_0
gst-plugins-base=1.14.0=hbbd80ab_1
gstreamer=1.14.0=hb453b48_1
h5py=2.10.0=pypi_0
html5lib=0.9999999=pypi_0
icu=58.2=he6710b0_3
imageio-ffmpeg=0.4.8=pypi_0
importlib-resources=5.4.0=pypi_0
ipykernel=5.3.4=py36h5ca1d4c_0
ipython=7.16.3=pypi_0
ipython_genutils=0.2.0=pyhd3eb1b0_1
ipywidgets=7.6.5=pyhd3eb1b0_1
jedi=0.17.2=pypi_0
jinja2=3.0.3=pyhd3eb1b0_0
jpeg=9e=h7f8727e_0
jsonschema=2.6.0=py36_0
jupyter=1.0.0=py36_7
jupyter_client=7.1.2=pyhd3eb1b0_0
jupyter_console=6.4.3=pyhd3eb1b0_0
jupyter_core=4.8.1=py36h06a4308_0
jupyterlab_pygments=0.1.2=py_0
jupyterlab_widgets=1.0.0=pyhd3eb1b0_1
keras=2.1.5=pypi_0
keras-applications=1.0.8=pypi_0
keras-vggface=0.6=pypi_0
libedit=3.1.20221030=h5eee18b_0
libffi=3.2.1=hf484d3e_1007
libgcc-ng=11.2.0=h1234567_1
libgomp=11.2.0=h1234567_1
libpng=1.6.37=hbc83047_0
libsodium=1.0.18=h7b6447c_0
libstdcxx-ng=11.2.0=h1234567_1
libuuid=1.41.5=h5eee18b_0
libxcb=1.15=h7f8727e_0
libxml2=2.9.14=h74e7548_0
llvmlite=0.36.0=pypi_0
markdown=3.3.7=pypi_0
markupsafe=2.0.1=py36h27cfd23_0
mistune=0.8.4=py36h7b6447c_0
moviepy=1.0.3=pypi_0
nbclient=0.5.3=pyhd3eb1b0_0
nbconvert=6.0.7=py36_0
nbformat=5.1.3=pyhd3eb1b0_0
ncurses=6.3=h5eee18b_3
nest-asyncio=1.5.1=pyhd3eb1b0_0
notebook=6.4.3=py36h06a4308_0
numba=0.53.1=pypi_0
numpy=1.19.5=pypi_0
openssl=1.0.2u=h7b6447c_0
packaging=21.3=pyhd3eb1b0_0
pandas=1.1.5=pypi_0
pandoc=2.12=h06a4308_1
pandocfilters=1.5.0=pyhd3eb1b0_0
parso=0.7.1=pypi_0
pcre=8.45=h295c915_0
pexpect=4.8.0=pyhd3eb1b0_3
pickleshare=0.7.5=pyhd3eb1b0_1003
pip=21.2.2=py36h06a4308_0
proglog=0.1.10=pypi_0
prometheus_client=0.13.1=pyhd3eb1b0_0
prompt-toolkit=3.0.36=pypi_0
prompt_toolkit=3.0.20=hd3eb1b0_0
ptyprocess=0.7.0=pyhd3eb1b0_2
pyasn1=0.4.8=pypi_0
pycparser=2.21=pyhd3eb1b0_0
pygments=2.13.0=pypi_0
pyparsing=3.0.4=pyhd3eb1b0_0
pyqt=5.9.2=py36h05f1152_2
python=3.6.4=hc3d631a_3
python-dateutil=2.8.2=pyhd3eb1b0_0
pytz=2022.7=pypi_0
pyyaml=6.0=pypi_0
pyzmq=22.2.1=py36h295c915_1
qt=5.9.6=h8703b6f_2
qtconsole=5.2.2=pyhd3eb1b0_0
qtpy=2.0.1=pyhd3eb1b0_0
readline=7.0=h7b6447c_5
seaborn=0.11.2=pypi_0
send2trash=1.8.0=pyhd3eb1b0_1
setuptools=58.0.4=py36h06a4308_0
sip=4.19.8=py36hf484d3e_0
six=1.16.0=pyhd3eb1b0_1
sqlite=3.33.0=h62c20be_0
tensorboard=1.8.0=pypi_0
tensorflow=1.8.0=pypi_0
tensorflow-gpu=1.8.0=pypi_0
terminado=0.9.4=py36h06a4308_0
testpath=0.5.0=pyhd3eb1b0_0
tk=8.6.12=h1ccaba5_0
tornado=6.1=py36h27cfd23_0
tqdm=4.64.1=pypi_0
traitlets=4.3.3=py36h06a4308_0
wcwidth=0.2.5=pyhd3eb1b0_0
webencodings=0.5.1=py36_1
werkzeug=2.0.3=pypi_0
wheel=0.37.1=pyhd3eb1b0_0
widgetsnbextension=3.5.1=py36_0
xz=5.2.8=h5eee18b_0
zeromq=4.3.4=h2531618_0
zlib=1.2.13=h5eee18b_0
